Change the ' when pasting into terminal as the character becomes unreadable to OCaml.

let t1 = ([‘x’], [ ([0], 0) ; ([1], 1) ]);;

let t2 = ([‘x’;’y’], [ ( [0;0], 0) ; ([0;1], 1) ; ([1;0], 1) ; ([1;1], 0)] );;

let t3 = ([’x’;’y’;’z’], [([0;0;0] , 0); ([0;0;1] , 1); ([0;1;0] , 1); ([0;1;1] , 0); ([1;0;0] , 1); ([1;0;1] , 0); ([1;1;0] , 0); ([1;1;1] , 1)]) ;;

let t4 = ([‘x’;’y’;’z’;’p’] ,[([0; 0; 0; 0], 0); ([0; 0; 0; 1], 1); ([0; 0; 1; 0], 1); ([0; 0; 1; 1], 0); ([0; 1; 0; 0], 0);
 ([0; 1; 0; 1], 0); ([0; 1; 1; 0], 0); ([0; 1; 1; 1], 1); ([1; 0; 0; 0], 1); ([1; 0; 0; 1], 0);
 ([1; 0; 1; 0], 0); ([1; 0; 1; 1], 1); ([1; 1; 0; 0], 0); ([1; 1; 0; 1], 1); ([1; 1; 1; 0], 1);
 ([1; 1; 1; 1], 0)]);;